0.65489 0 0 rg
0 0 0 RG
0 i 1.31612 w 4 M 0 j 0 J []0 d 
239.396 606.07275 m
122.85059 509.93066 122.44482 454.15527 v
122.14355 412.92285 141.92627 308.28223 142.58496 323.88672 c
143.26855 340.09961 140.79199 371.41211 172.85889 388.76563 c
204.92383 406.11719 263.77881 383.22461 297.3457 386.60059 c
330.90918 389.97461 323.95703 401.70117 353.39648 416.54736 c
370.32617 425.08496 429.67578 362.12207 420.56543 374.69629 c
361.14355 456.71875 239.396 606.07275 y
h
B
0.88234 0.09804 0 rg
355.80762 479.31348 m
348.78809 453.45264 398.20898 423.00781 v
427.94043 404.69189 461.54102 406.01025 471.48828 382.08984 c
477.50098 367.62402 476.4248 367.28516 476.79395 342.39258 c
477.03809 325.74121 462.48633 309.39648 469.24902 299.75488 c
476.00879 290.1123 431.52148 344.91797 411.5957 364.33496 c
401.22168 374.44336 388.18652 383.19434 367.70313 410.86133 c
355.21387 427.7334 350.75977 477.53076 351.03613 475.75684 c
355.80762 479.31348 l
h
B
1 0.71371 0.49803 rg
347.33984 581.37207 m
349.55273 583.47803 351.69531 585.34082 353.51074 587.57764 c
355.24414 589.71777 355.83496 592.12158 357.06152 594.59082 c
357.66699 595.80859 358.07031 597.27295 358.84277 598.29004 c
359.70117 599.4126 360.65332 600.2627 361.09473 601.58252 c
361.5332 602.8916 361.54883 604.65381 362.32813 605.79346 c
363.1123 606.93604 364.62109 607.17578 364.28125 609.04053 c
363.94727 610.88867 362.61328 610.3335 362.97363 612.61035 c
363.30957 614.72266 364.6582 615.57324 365.23828 617.5752 c
367.34375 624.854 366.62402 634.78223 364.86816 641.77197 c
363.69238 646.44824 361.9082 650.01416 358.40137 653.14404 c
356.78418 654.58691 354.68848 655.71094 352.75879 656.83301 c
349.48926 658.73242 346.55957 661.2666 342.96875 662.43262 c
339.07324 663.69824 333.39453 664.74561 329.72266 663.24268 c
327.27637 662.24268 324.34082 661.35938 321.84863 660.15723 c
318.76855 658.66797 317.22852 656.44531 314.94238 653.97754 c
311.99902 650.80713 310.21777 648.37891 308.17578 644.76221 c
306.14795 641.17676 304.68408 637.32666 303.39795 633.4624 c
302.87744 631.90918 302.36719 630.22363 301.37402 628.83447 c
300.57031 627.70801 299.00977 627.38672 298.2334 626.2749 c
297.02148 624.55029 296.46533 619.50635 296.86475 617.479 c
297.40479 614.72119 297.99658 610.43652 299.50146 608.0708 c
300.29639 606.81738 302.15283 607.29395 302.58984 605.51611 c
302.83447 604.50928 303.83398 603.08984 303.7915 602.09082 c
303.48877 595.45166 301.18848 591.31348 300.1665 587.55762 c
299.88232 586.52734 299.66895 585.35303 299.12207 584.43066 c
298.72754 583.77051 297.97314 583.31982 297.73193 582.65576 c
297.28174 581.42578 299.47852 579.45313 300.39648 578.43164 c
302.26025 576.3623 302.33301 576.12598 303.6543 574.62402 c
304.99268 573.10938 306.49658 571.57617 308.27148 570.07861 c
315.54395 563.94824 322.9248 557.84229 332.75293 556.84668 c
334.375 556.68164 336.90137 556.43506 338.27832 557.41943 c
339.32129 558.16504 339.90137 559.41211 341.16504 560.20313 c
342.36328 560.9585 343.90332 561.42578 343.78613 563.22656 c
343.69141 564.71045 342.3457 565.12939 342.68164 566.94287 c
343.15332 569.49512 344.69238 571.74707 345.34277 574.42529 c
345.79395 576.29297 346.16602 581.3999 348.22266 581.97266 c
348.18262 582.15625 348.05371 582.23828 347.8418 582.2168 c
f
0.68793 w 1 J 
322.60449 635.10254 m
323.37598 635.24463 324.22266 636.43408 325.01074 636.22217 c
324.90625 636.28613 324.50293 636.49512 324.46289 636.51416 c
325.2373 636.73193 326.3125 636.44824 327.11816 636.12305 c
326.95801 636.52734 327.02539 636.84766 326.76953 637.19629 c
327.96484 637.12109 329.0791 636.2251 329.66992 635.27051 c
328.55762 635.38428 327.31055 635.65576 326.375 636.229 c
327.44727 636.04053 328.57324 635.93896 329.53027 635.5459 c
329.17969 636.0791 328.54883 636.48389 327.87598 636.82422 c
329.75098 636.5957 333.03027 636.1582 333.47754 633.9248 c
333.4375 635.17285 332.49512 636.05078 331.81152 636.73145 c
333.32715 636.65332 334.62402 635.24951 335.11328 634.05713 c
333.97461 634.98828 332.26074 636.45215 330.80078 636.73779 c
330.94141 636.19727 330.74414 635.9873 331.17676 635.49072 c
330.9043 635.81738 330.86426 635.99072 330.69922 636.33496 c
332.63672 636.97119 335.62012 635.19531 336.03613 633.27295 c
335.88184 634.08545 335.37598 634.85498 334.92578 635.44189 c
336.59961 634.93604 335.99316 633.08057 337.30469 632.47266 c
337.35938 632.69385 337.4668 632.99756 337.55273 633.23242 c
337.62793 632.86279 337.87012 632.40332 337.94824 632.01025 c
337.9873 632.27197 337.99316 632.52539 338.01465 632.7832 c
337.85059 632.98291 337.72559 632.77002 337.82031 632.57715 c
S
324.08887 636.57275 m
325.45801 637.54297 327.32813 636.58936 328.64746 635.88916 c
328.45117 636.02832 328.12402 636.44824 327.87793 636.63867 c
328.30273 638.96387 331.19727 636.87793 331.53418 635.3457 c
330.56348 635.34033 329.64355 636.00293 328.90918 636.61768 c
329.58887 635.44678 331.16016 635.25244 332.04004 634.37061 c
332.08203 635.23291 331.40234 635.75 330.46289 635.78711 c
333.31152 635.35449 334.33008 634.33838 336.61328 633.15918 c
335.79102 633.60547 334.91406 633.25195 334.18457 634.68994 c
335.31348 636.16553 336.4707 633.52441 337.7002 633.22607 c
337.78516 633.96338 337.57422 634.3501 336.9248 634.77295 c
337.17188 633.96826 338.10449 633.3623 338.42871 632.48145 c
S
0 J 
327.50391 637.70752 m
328.88965 637.59717 329.57227 636.73047 330.20703 635.69971 c
330.32227 636.30762 329.72266 636.53271 329.4668 636.99121 c
S
0.22931 w 
335.94922 635.36621 m
336.9834 635.02979 338.39355 632.0376 338.76465 631.10498 c
339.4502 631.46924 338.19824 633.60352 338.15234 634.08301 c
338.69434 633.90723 339.14453 633.33008 338.96289 632.73389 c
S
0.68793 w 
349.73828 629.41113 m
349.34277 628.96191 349.26953 628.28027 348.87695 627.9292 c
349.375 628.87402 350.77441 629.59082 351.47949 630.45068 c
350.86719 630.2124 350.82031 629.36963 350.6748 628.79883 c
351.01953 629.86572 351.84277 630.2876 352.74512 630.73291 c
351.66406 630.60547 351.125 629.64453 350.78418 628.76123 c
351.72363 629.55566 353.32813 630.78467 354.62012 630.80713 c
354.08301 630.37695 353.41309 630.0791 352.84668 629.67725 c
352.36328 629.3374 352.07324 628.89551 351.62988 628.58594 c
352.84668 628.9043 354.02051 629.73047 355.33789 629.5752 c
354.61719 629.59766 353.16406 629.02686 352.71289 628.46387 c
353.99121 629.54199 356.44727 629.05957 358.03027 628.9458 c
356.99512 629.104 355.58008 629.4751 354.60059 629.0625 c
356.06348 628.80176 357.7207 629.06689 359.10352 628.47852 c
358.52734 628.24463 357.85352 628.22803 357.25098 628.24219 c
358.17383 628.22705 360.9082 628.50684 360.76367 626.98145 c
359.73145 627.31396 359.01367 628.20654 357.8418 628.36035 c
359.22461 628.34766 360.41602 627.00244 360.90918 625.92529 c
S
0.22931 w 1 J 
338.85254 633.37012 m
339.1709 632.85547 339.32227 631.91504 339.13574 631.29395 c
338.63086 631.97021 337.82129 631.72021 337.10645 633.44629 c
337.03711 633.47266 336.96777 633.47803 336.89746 633.4668 c
336.99707 631.95508 339.96973 632.34424 339.37891 630.21191 c
338.17969 631.72314 337.33301 632.54834 336.31348 633.27393 c
335.84961 633.60742 335.44824 633.27295 334.7627 633.27539 c
S
0.68793 w 0 J 
355.85352 630.72705 m
354.58008 630.30566 353.59473 629.29395 352.37207 628.87402 c
354.09961 629.79346 355.25098 630.72266 357.23438 630.28467 c
356.23535 630.05176 355.20313 629.87988 354.35547 629.21582 c
355.86523 629.42285 357.75098 629.93408 359.27539 629.58496 c
358.4209 629.39307 356.44824 629.36719 356.01758 628.55859 c
357.07227 628.95508 358.63184 629.7373 359.78418 629.37939 c
359.3125 629.03955 358.80273 628.56934 358.23145 628.39063 c
358.96094 628.47461 359.7041 628.36768 360.43652 628.37402 c
360.03613 628.29297 359.64746 628.17188 359.28418 628 c
359.5752 627.87256 359.92969 627.78174 360.2627 627.77588 c
S
0.22931 w 
351.30078 630.85938 m
350.40625 630.70264 348.99023 629.46729 348.99316 628.59033 c
349.85645 629.16895 350.93066 630.31885 351.8584 630.62646 c
351.53711 629.75244 350.51563 628.81201 349.94727 628.13916 c
350.72754 628.36816 352.09668 628.86035 352.78711 629.03906 c
S
0.45862 w 1 J 
348.53906 627.50293 m
345.14063 625.92676 345.35449 619.80762 346.48047 617.13672 c
347.3623 615.04492 347.24414 613.31738 346.66992 611.05273 c
346.46094 610.229 346.13281 609.18604 345.2998 608.87305 c
344.81152 608.68799 343.14258 608.71826 343.21387 609.50439 c
343.27246 610.18311 346.17871 611.09473 345.15332 612.53467 c
344.04492 614.08887 343.58301 610.31543 342.89551 610.07568 c
S
340.32422 612.84521 m
340.97559 614.96191 338.40332 614.75977 337.4541 613.5708 c
336.7666 612.71045 336.97168 611.79834 338.37695 612.65381 c
339.16211 613.13037 339.4209 614.01611 340.30957 614.08496 c
S
334.32227 614.91162 m
334.2832 614.02881 333.78809 612.86035 334.24805 611.93408 c
334.74316 610.93311 335.68848 611.03857 336.71191 610.93506 c
S
1 0.55293 0.37254 rg
0 J 
327.81738 601.57471 m
328.90723 601.44336 330.54199 602.66162 331.58398 602.81104 c
332.7207 602.97314 334.03516 603.36328 335.17188 603.03223 c
337.30664 602.41504 339.68848 601.0249 342.29297 601.34521 c
343.78711 598.9502 343.68652 598.33838 345.64941 597.11865 c
343.57129 597.53516 343.55957 597.91357 341.47363 598.24268 c
340.36133 598.42041 339.08691 597.89209 338.05566 598.25977 c
337.08203 598.60547 334.60059 599.62793 333.66211 599.99365 c
332.7002 600.36816 331.18945 600.92871 330.2002 601.23291 c
329.76758 601.36621 328.16504 601.25 327.89941 601.58887 c
327.04688 602.67578 330.42871 604.5166 331.31152 604.87061 c
333.22266 605.63672 336.81152 606.44043 338.89453 605.75 c
339.68262 605.49023 340.32031 604.69336 341.21973 604.79199 c
342.24707 604.90039 342.29004 605.50977 343.29785 604.66211 c
344.77344 603.4209 345.67383 600.72217 346.24707 598.95605 c
346.44727 598.32617 346.89551 597.54346 346.54395 596.83203 c
346.33203 596.39844 345.83789 596.4043 345.54199 596.0957 c
345.12695 595.66406 343.84082 594.64453 343.45605 594.32813 c
341.11328 592.40918 335.11914 593.74414 332.28125 595.75684 c
330.62207 596.93213 329.29492 597.90625 328.4209 599.63232 c
328.03418 600.38672 328.05957 600.271 327.81738 601.57471 c
B
1 J 
334.7334 625.56104 m
334.18359 625.6709 333.6875 627.43896 333.09863 628.00391 c
332.375 628.69775 331.87598 629.45068 330.92969 629.75879 c
329.94531 630.07959 328.25977 630.26904 327.19434 630.10889 c
326.15137 629.95215 325.08008 628.93994 324.08789 628.98242 c
324.43359 632.06738 327.90527 632.50146 330.34863 632.01123 c
332.94043 631.49268 335.20703 628.41113 334.71973 625.66455 c
S
348.14063 623.021 m
349.53906 624.04346 352.7666 624.84033 354.18945 624.05811 c
354.86035 623.69043 356.20996 622.78564 356.59082 622.16504 c
356.88867 621.67529 357.49609 620.61133 357.70898 620.03223 c
357.73438 619.96777 357.62305 619.50635 357.88867 620.52051 c
358.14746 621.50977 358.1709 622.36816 357.89746 623.73828 c
357.70605 624.68848 355.05371 625.9585 353.24512 626.14355 c
352.03613 626.26807 351.02539 626.04688 350.02148 625.24707 c
349.29297 624.66357 348.31738 623.81885 348.12891 623.06689 c
S
0.37254 0.16078 0 rg
328.91699 630.09717 m
328.28027 628.49951 327.82422 627.55615 329.4248 626.77344 c
330.63574 626.18018 332.78516 625.97119 332.71484 627.90967 c
332.66113 629.3584 330.54199 630.15869 330.24902 628.40674 c
329.86621 626.08887 333.86621 628.16357 331.64551 629.02686 c
332.70898 626.92334 329.13281 627.97461 330.90039 629.0752 c
330.9668 629.19141 329.90332 628.11768 331.13379 627.92969 c
331.03613 626.42773 328.97949 628.99072 330.64258 629.75146 c
B
352.64941 624.39258 m
350.66992 624.03613 350.52344 621.71143 351.86523 621.1416 c
353.30176 620.53223 354.92383 620.16797 355.41406 621.93652 c
355.90332 623.70264 353.84961 624.82178 352.75781 623.51807 c
351.17578 621.62549 355.3623 621.93945 354.33301 623.76367 c
354.3916 623.23438 354.9248 621.44678 353.63281 622.13916 c
352.47266 622.76074 353.29785 623.05078 353.47168 623.56543 c
351.41602 622.4082 354.10254 620.84961 354.72949 622.26172 c
B
0.67114 w 
339.74316 625.88721 m
339.23438 622.61328 334.80176 620.58154 329.84473 621.35205 c
324.8877 622.12109 321.28125 625.40137 321.79004 628.67578 c
322.30078 631.95264 326.73047 633.98242 331.6875 633.21338 c
336.64453 632.44287 340.25098 629.1626 339.74316 625.88721 c
h
S
0.63275 w 
362.74707 621.15527 m
362.25977 618.00439 358.14844 616.02979 353.56738 616.74023 c
348.9873 617.45215 345.66992 620.58301 346.1582 623.73242 c
346.65039 626.88477 350.75977 628.86182 355.34082 628.1499 c
359.91895 627.43799 363.2373 624.30762 362.74707 621.15527 c
h
S
346.58105 625.69238 m
345.79785 627.39746 341.40625 627.82227 339.69043 627.46924 c
339.79102 629.68506 347.75098 628.08691 346.95703 625.86426 c
S
322.13379 630.87891 m
320.7627 631.23486 319.04102 631.62891 317.66309 631.23047 c
315.81543 630.69775 314.30176 630.27295 312.6416 629.72363 c
310.96191 629.16553 309.56738 628.40234 307.79688 627.90771 c
306.54248 627.55518 303.92041 627.06641 303.24756 626.08398 c
304.11279 625.62354 304.79443 625.93945 305.65771 626.32373 c
306.40088 626.65137 307.05664 626.71826 307.9043 626.95313 c
309.38184 627.3667 310.88477 628.05371 312.34473 628.58936 c
313.94727 629.18018 315.64746 629.79395 317.27051 630.10693 c
318.90723 630.42139 320.17773 629.65918 321.64551 629.35352 c
321.7959 629.80615 321.89355 630.23145 322.09863 630.65283 c
S
363.01367 622.09766 m
363.98047 622.01123 364.31055 621.84863 364.47949 621.06152 c
364.80566 619.52832 363.85938 617.07715 363.61816 615.51367 c
363.46387 614.53662 363.30371 610.25781 362.11328 609.9834 c
362.33301 612.48584 365.57227 619.67432 363.04297 620.72412 c
363.0918 621.19043 363.25488 621.5874 363.35059 622.04443 c
S
0.98709 w 
306.55029 623.46777 m
305.7041 624.12891 305.25537 625.00098 304.28125 625.53076 c
303.54443 625.93213 302.5249 626.41113 301.80811 626.63867 c
299.70557 627.30664 297.96582 625.93213 297.54443 623.94141 c
296.96338 621.15918 296.7417 618.34863 297.47363 615.59717 c
297.90527 613.96533 298.09766 612.05322 298.5498 610.5791 c
298.75928 609.90381 299.26758 608.09766 299.81299 607.6543 c
300.89648 606.76953 303.00684 607.50732 304.06543 606.73096 c
305.00732 606.04102 303.87842 602.53076 303.69385 601.35742 c
303.35791 599.18604 303.14258 596.93311 302.67676 594.78516 c
302.00244 591.68506 299.6875 584.65918 297.58057 582.32422 c
S
0.63275 w 
304.31348 612.82471 m
303.31299 613.146 303.26563 615.88428 303.5293 616.76514 c
303.75195 617.50977 304.78418 618.17383 304.78955 618.88232 c
304.79199 619.69922 304.13379 620.85986 303.79395 621.64014 c
303.31348 622.73096 302.78125 623.26563 301.88184 623.95508 c
301.2876 624.40967 300.99219 624.80957 300.18945 625.05859 c
299.69336 625.21582 299.90967 625.53223 299.38379 625.27734 c
299.10449 625.14453 298.61816 624.34473 298.5752 624.021 c
298.32568 622.20068 298.72949 620.33984 298.82324 618.70508 c
S
304.67676 618.8999 m
303.4165 619.43213 301.52051 618.81201 301.47461 616.27344 c
301.45313 615.00781 302.54834 614.30078 303.26465 613.56738 c
S
1 1 1 rg
0.45862 w 
343.39746 599.17627 m
342.03906 598.70654 340.76953 599.9502 340.47461 599.8833 c
339.53516 599.66992 337.3916 599.8291 336.77441 600.94336 c
336.0791 600.5625 333.41211 600.51758 333.13477 601.50391 c
332.49609 601.09473 330.02832 601.35254 329.64453 602.00879 c
332.55078 603.27051 335.30762 602.93311 334.7832 603.12598 c
333.375 603.63867 340.48535 600.95313 342.27148 601.37549 c
342.95508 600.90332 342.90332 600.3418 343.25684 599.56299 c
B
0.98709 w 
363.64355 642.02734 m
364.35156 640.41846 363.50488 639.00879 363.85156 637.23926 c
364.3623 634.646 364.84863 631.66992 364.45801 629.16211 c
364.12402 627.01611 364.40039 625.4707 364.31641 623.42529 c
364.18262 620.13379 363.86914 616.12061 362.83887 612.75342 c
361.61914 608.76123 360.69141 605.98242 359.71289 603.86865 c
358.70313 601.6875 358.44336 599.52246 357.84961 597.1333 c
357.21387 594.57422 355.89844 592.43018 355.22656 589.98047 c
354.68066 587.99219 351.2002 584.33936 350.00586 583.42578 c
347.48047 581.48584 346.8584 580.68066 343.83691 579.14355 c
340.56055 577.48047 341.40527 575.45752 335.38574 576.20703 c
319.86914 578.1416 313.18555 590.00488 312.19141 592.00586 c
S
0 J 
347.74023 581.55371 m
346.64746 580.50977 346.51855 578.99902 346.16406 577.56201 c
345.76367 575.93457 345.27734 574.46582 344.74707 572.86816 c
344.20898 571.25977 342.82324 567.24707 342.77734 566.22119 c
342.71875 564.86914 342.70215 562.77734 342.52637 561.47021 c
342.34082 560.11816 343.32227 560.19336 342.20703 559.42822 c
341.47266 558.92139 339.7627 558.56006 338.94824 558.17773 c
337.73145 557.60547 336.43555 557.10205 335.08594 556.77197 c
333.28125 556.33008 328.70508 557.12646 325.31738 558.91406 c
319.51074 561.97656 313.75977 565.64648 308.69336 569.78955 c
305.54492 572.36182 303.37451 575.58789 300.4502 578.37158 c
299.07568 579.68359 298.32373 580.75195 297.60449 582.39893 c
S
0.45862 w 
362.58398 610.36475 m
364.35645 610.29883 363.93945 608.51709 363.62305 607.30957 c
363.28613 606.01758 362.34277 605.64355 361.73633 604.50488 c
361.04004 603.2002 360.84766 601.20508 360.13379 599.87695 c
359.59863 598.87598 358.92188 597.89111 357.97949 597.19775 c
S
1 J 
362.37109 606.00098 m
362.48828 606.73779 363.25488 608.09766 362.74512 608.64355 c
362.09766 608.2998 361.3877 607.22949 361.19141 606.64697 c
S
0 0 0 rg
362.99512 610.76318 m
363.07813 612.8457 365.08496 614.32178 365.91895 616.09277 c
366.6543 617.66113 367.28711 619.09326 367.79297 620.66162 c
368.52637 622.94092 368.03125 624.49756 367.96484 626.58252 c
367.89355 628.73779 368.43555 631.16943 368.31152 633.06396 c
368.07031 636.71484 367.57324 642.62158 365.19727 645.41309 c
364.50879 646.2168 363.32129 646.63916 362.6875 647.4209 c
361.7041 648.62744 361.75195 650.43604 360.80371 651.78711 c
359.41211 653.76416 357.83594 654.47949 355.53906 653.75 c
359.09863 652.21582 360.93262 648.44727 362.0293 644.98438 c
363.2793 641.03174 364.51953 636.80078 364.6123 632.64746 c
364.69629 628.78223 364.08984 627.05273 364.29199 623.59766 c
364.41113 621.57471 363.35254 613.56152 363.09961 611.44189 c
f
359.06348 653.87012 m
356.81152 654.34863 354.03418 653.23633 352.31445 652.375 c
350.40625 651.42139 348.54102 651.39697 346.38379 651.73047 c
347.78027 652.07959 348.56055 653.41797 348.91797 654.75342 c
346.08203 653.77051 343.88477 650.16699 340.60254 650.59082 c
342.20117 651.72217 342.83594 651.55713 343.99707 653.23682 c
344.55371 654.03857 344.79102 654.8418 345.2627 655.6084 c
343.65234 654.78564 342.36523 654.58887 340.67188 654.25391 c
341.36719 656.05078 343.76074 656.65869 344.73242 658.01807 c
342.55176 657.2998 339.25781 655.11768 337.3623 654.00391 c
337.24414 656.24072 339.93066 656.53564 338.05078 658.81494 c
337.94531 658.41699 335.9248 657.05518 335.74414 656.57031 c
335.18457 658.96924 334.56641 660.78369 331.51563 660.14893 c
329.16602 659.66162 326.25488 657.77051 324.0957 656.6123 c
321.55469 655.24951 313.04785 646.72119 317.49609 644.22852 c
316.94824 643.80127 316.29883 643.30566 315.69824 642.85449 c
315.9668 642.81445 316.22754 642.76611 316.48828 642.7124 c
316.56543 641.27197 315.34766 640.0376 314.50391 639.12793 c
313.12988 637.64063 312.85547 637.08398 312.31641 635.06104 c
311.51758 632.08496 310.07031 629.21338 309.04785 626.25195 c
308.30469 624.09424 309.28711 622.23242 306.90039 623.31006 c
305.57715 623.90918 304.25488 626.0293 302.68506 626.48047 c
300.93701 626.9834 300.06836 626.28809 299.84033 628.21191 c
299.61426 630.08691 300.05225 632.97559 300.40088 634.83447 c
300.71045 636.46729 301.99316 637.44775 302.16064 638.9292 c
301.31689 638.69336 300.65479 637.83252 300.12207 637.18799 c
300.02246 639.2002 301.58838 641.99072 303.42432 642.41699 c
302.65576 642.40625 301.8125 642.021 301.07275 641.92236 c
301.52832 643.29053 302.23633 643.42285 302.98828 644.25391 c
303.86377 645.21777 303.74463 645.52002 304.3457 646.72998 c
305.46973 649.00049 307.98047 650.93457 309.71875 652.87891 c
311.14746 654.47949 313.10449 655.99805 314.88086 657.28613 c
316.72754 658.62207 319.27637 660.77148 321.28418 661.67676 c
324.6875 663.21289 328.90625 663.28174 332.70898 664.58691 c
336.46777 665.87695 340.11426 665.50879 344.14453 664.35254 c
347.15039 663.48877 358.60156 657.95264 357.83203 653.9082 c
f
302.05908 606.92871 m
301.81152 606.77197 300.91162 607.30957 300.72021 607.01904 c
302.85254 605.91846 303.2666 600.69043 302.98242 598.48047 c
304.33594 602.65771 305.23682 608.83301 302.05908 606.92871 c
f
1 1 1 rg
331.60449 628.5293 m
331.56641 628.28076 331.34375 628.10986 331.10059 628.14648 c
330.8623 628.18262 330.69922 628.41455 330.73828 628.66504 c
330.77734 628.91357 331.00195 629.08301 331.24121 629.0459 c
331.4834 629.00781 331.64355 628.77783 331.60449 628.5293 c
h
f
354.33887 623.09863 m
354.2959 622.81885 354.07715 622.62354 353.84473 622.65918 c
353.61328 622.69531 353.46582 622.94775 353.50684 623.22754 c
353.55176 623.50537 353.77148 623.70215 354.00391 623.66602 c
354.23242 623.63037 354.38086 623.37598 354.33887 623.09863 c
h
f
0 0.26666 0.53333 rg
1.31612 w 0 J 
343.14551 559.70068 m
334.15723 559.60986 322.2373 574.42236 315.1543 577.979 c
302.79102 584.18945 307.70801 585.90967 294.11816 590.25635 c
293.85889 620.93262 258.18311 621.00098 259.42627 620.99023 c
260.86768 629.81055 247.1167 639.23535 237.84863 641.90723 c
225.33984 645.51465 230.87793 652.32617 229.5708 663.6416 c
227.37891 682.63574 215.1582 694.75195 217.96826 715.35205 c
208.44336 715.34277 204.3999 715.47705 194.85205 719.29102 c
191.61377 704.09668 183.76074 680.16309 185.44531 664.65625 c
186.09033 658.71338 190.97461 652.74902 191.73291 647.22998 c
192.22217 643.6626 189.97754 640.03027 190.60303 636.43408 c
191.17188 633.17432 196.91602 629.85547 198.34717 626.61426 c
205.40234 610.65088 214.75098 600.94531 227.00879 589.56201 c
241.86768 575.76563 236.84912 568.8877 230.44482 552.92676 c
224.92529 539.17578 224.71094 521.62451 222.41748 506.85938 c
219.85303 490.35547 214.43262 441.62891 217.73047 439.37598 c
222.74902 435.94629 231.12695 432.26807 237.33496 431.56543 c
252.9209 429.7998 268.23682 427.77148 284.35791 427.04932 c
298.28174 426.42578 315.05664 432.70703 328.5332 434.72168 c
332.62305 442.43408 339.23828 448.34375 337.10645 458.79785 c
346.95313 463.59717 354.33398 470.87598 361.53516 479.10059 c
361.43945 462.1416 375.19922 454.38965 384.49023 440.91113 c
385.21973 440.84766 387.82715 438.82764 388.5166 438.78174 c
411.91895 437.29395 405.25781 436.51953 425.94531 440.24756 c
437.48438 442.3252 453.11523 451.28662 459.24316 460.54004 c
444.33203 453.28027 441.87793 471.41113 441.17871 480.55225 c
432.55273 476.15576 432.50879 476.51953 424.07324 480.07764 c
417.06543 483.02881 409.51758 484.92139 402.1875 482.42969 c
399.70313 488.50879 402.92969 497.25195 395.0332 507.59424 c
394.30957 508.54053 399.05176 521.1377 392.93457 531.00098 c
386.91211 540.70605 382.2168 542.44531 371.84473 547.21191 c
365.20801 550.26563 352.01758 563.55371 343.22461 565.96631 c
B
216.7627 426.18408 m
214.85938 413.94238 212.25391 395.44092 207.54639 384.5918 c
201.11182 369.76855 199.97314 359.14551 204.06494 348.9082 c
206.14941 343.69531 208.69727 338.84668 211.42285 334.23438 c
214.29053 329.38379 222.52734 324.66895 223.58252 319.46191 c
224.76025 313.64551 223.73535 309.50977 222.50439 303.66309 c
221.23486 297.64063 219.9541 292.29199 222.97754 286.80371 c
226.15283 281.04883 228.00391 275.4375 230.8418 268.7207 c
233.19482 263.14746 237.07178 258.54492 240.32373 253.21973 c
246.77637 242.65332 254.23682 233.3623 252.99414 220.79102 c
251.97461 210.49316 242.02539 196.80762 248.68506 188.63379 c
254.70654 181.24023 271.61963 172.33105 277.46973 182.05273 c
280.04834 186.33789 284.66602 189.66113 285.39453 194.52637 c
286.37695 201.07715 282.44385 203.71875 279.58984 209.12012 c
274.30908 219.10645 273.65234 232.7207 272.22852 243.65527 c
270.80469 254.60059 271.57813 266.48438 272.84326 277.6582 c
273.45898 283.07813 274.51074 288.48926 275.36279 293.875 c
276.5415 301.31836 274.16504 304.94043 272.14844 312.06738 c
270.30518 318.58008 273.32227 320.9082 275.2085 328.20508 c
277.18359 335.84766 277.66699 344.13086 278.87695 351.9209 c
276.86182 346.22559 293.38379 344.14648 294.48291 350.89844 c
295.69287 344.25098 299.95605 335.20605 304.35986 329.61816 c
308.74219 324.05957 313.26465 320.13672 318.79102 315.45215 c
324.02344 311.01563 329.00195 306.93945 333.86035 302.02148 c
337.95313 297.87598 339.58691 295.34766 342.26563 290.39258 c
348.22461 279.35352 354.54199 268.62793 364.375 260.57129 c
367.78027 257.77832 372.36914 253.51758 374.0918 249.5918 c
379.05762 238.29199 376.36426 226.07715 385.35352 216.50488 c
393.14746 208.20703 402.7002 198.79102 410.83789 191.14063 c
416.89355 185.44922 418.1377 169.97656 420.5498 168.38281 c
423.16211 166.65234 419.36035 158.95801 421.32324 161.16211 c
417.11133 154.45801 416.52734 151.23145 421.56738 145.01758 c
427.89746 137.21875 432.43652 133.74805 430.53711 123.00488 c
429.28613 115.92773 432.57227 110.94141 437.40723 105.18652 c
440.50684 101.49609 446.91113 93.7168 451.97461 92.61426 c
466.06934 89.54492 468.2832 108.52734 468.2168 118.4043 c
468.14063 129.36035 456.64941 139.1543 451.41113 147.45215 c
448.19922 152.53418 445.39258 158.3623 443.87207 164.35352 c
441.94629 171.94922 442.55762 176.42773 442.13672 184.34277 c
441.12891 203.1582 436.45703 228.7627 428.51074 246.4043 c
424.41602 255.5 418.53223 269.13281 410.31543 276.2666 c
401.26563 284.12305 393.05469 290.97559 389.06445 302.4209 c
387.35352 307.3252 386.91895 310.59277 385.85352 315.45313 c
384.45898 321.79688 384.23145 330.31738 383.15527 336.59277 c
380.45605 352.34082 371.91504 364.13184 364.15527 378.31934 c
358.44141 388.75879 349.21387 396.0459 343.85547 406.95264 c
342.01563 410.70117 336.41895 426.35742 332.51465 426.87988 c
331.51074 427.01416 318.06543 420.46387 313.47559 419.5293 c
296.35547 416.0498 280.28857 415.24951 262.84521 417.08643 c
254.95947 417.91699 223.82422 423.96826 216.09033 426.28613 c
B
1 0.53333 0 rg
221.6543 292.31348 m
225.44824 291.14551 227.53662 291.4834 231.47705 290.5293 c
237.33008 289.10938 242.14746 290.42383 245.64941 285.99707 c
249.82178 280.71777 248.9917 280.71191 253.34717 275.48535 c
255.35645 280.41211 254.41211 282.03906 256.41699 287.23438 c
259.08496 294.14746 270.02881 293.24414 275.97266 297.78809 c
276.15918 286.9541 271.52539 271.53906 272.14648 260.33984 c
273.06055 243.83398 276.95508 233.45117 277.44775 230.39648 c
278.19238 225.76855 277.56152 225.58691 279.06982 220.82617 c
280.72949 215.59277 283.479 207.1543 285.95605 202.81152 c
291.30029 193.44336 282.33594 180.63477 271.23145 178.68945 c
263.5459 177.33984 250.94189 185.8418 246.96631 191.96484 c
240.90625 201.2959 250.94824 210.8252 252.80225 219.56445 c
255.61182 232.80078 246.64844 243.75391 238.19824 254.04785 c
231.63721 262.04492 225.91357 271.55371 223.14355 281.19336 c
220.07861 291.85352 222.34912 289.36914 220.87061 293.14453 c
B
0.88234 0.09804 0 rg
217.47119 439.60303 m
218.77686 430.47461 212.96777 421.64941 210.2915 413.33691 c
207.87158 405.81201 211.8252 400.42969 210.1875 392.73633 c
226.375 406.96484 248.95557 397.67529 261.59961 382.49121 c
265.1626 378.21582 266.35498 373.02051 269.72607 368.34277 c
273.25977 363.44531 271.58789 358.54297 274.2915 353.4248 c
275.86328 350.45801 279.57275 345.67871 283.39697 345.56836 c
291.27734 345.34277 291.22754 345.02734 295.1333 350.21973 c
299.85254 364.44141 312.50586 381.26953 325.0918 390.18164 c
331.80469 394.93555 344.88965 403.30371 350.90234 396.65479 c
346.59668 404.63428 343.83105 413.01514 335.17773 425.1665 c
331.18652 430.76904 332.77441 429.88965 326.44824 427.81055 c
320.46289 425.84473 316.72852 421.81152 310.2666 420.02783 c
294.70215 415.73438 277.91455 415.26025 261.49951 417.94141 c
252.44092 419.42236 243.97119 422.3252 235.0083 423.99268 c
228.60107 425.18311 227.06934 427.56055 220.23242 430.79785 c
218.40137 431.66602 217.95166 433.18359 217.45947 435.09521 c
B
1 0.53333 0 rg
381.91016 222.05176 m
383.25781 221.84277 388.38184 224.53418 390.83008 227.26758 c
391.99609 228.56836 396.82031 235.77051 397.78906 236.15137 c
399.16406 236.68652 407.94531 228.57617 412.88477 227.00293 c
413.73633 231.2041 416.46484 240.03125 414.51172 243.44727 c
419.74414 242.30762 427.12305 244.15625 430.85352 240.2168 c
433.02051 237.92969 436.16211 229.45117 436.85059 226.75391 c
439.45605 216.56543 442.46973 206.00879 443 196.30957 c
443.26855 191.41699 442.6377 186.42871 443.05371 181.60547 c
443.47656 176.62598 442.93652 170.91992 444.13867 166.0625 c
445.24023 161.61426 446.72363 163.34473 447.83203 158.97656 c
449.43945 152.62988 458.07227 142.38867 461.60352 136.8623 c
467.62793 127.44824 471.17188 115.90332 467.65918 104.99609 c
464.70508 95.81738 454.62793 86.10254 444.37305 95.87598 c
440.76172 99.31445 438.10449 104.99902 435.31934 108.72949 c
432.52051 112.4873 430.38379 116.37109 430.05664 120.99121 c
429.65625 126.6543 431.62402 130.71387 429.33887 136.24121 c
427.46289 140.78418 419.5 143.74707 418.59863 148.05469 c
416.22754 159.37695 422.7041 173.82031 412.74414 185.69043 c
405.80273 193.96387 402.44043 200.21387 393.98438 207.62988 c
387.03613 213.72168 384.98438 215.70215 382.60352 221.42285 c
B
1 0.71371 0.49803 rg
0.98709 w 
196.5166 718.93701 m
191.3501 726.76416 188.87158 740.26318 191.22803 748.61914 c
194.99121 755.12256 197.3916 752.35303 200.59131 753.90479 c
205.0874 756.08301 205.07275 758.98828 211.61084 756.52002 c
213.75488 760.79785 215.17188 760.18506 218.95654 759.61182 c
219.81738 759.48291 221.26807 757.46094 222.27441 757.14453 c
223.80811 756.6582 224.94678 757.28564 226.31738 757.37207 c
230.25684 757.62158 235.55566 745.51758 231.53955 741.05371 c
239.7666 740.07715 233.50098 731.30225 230.91211 728.2627 c
228.87646 725.87402 226.90234 725.12842 224.67334 723.45264 c
221.22705 720.85742 222.54297 722.41846 220.25146 718.33887 c
218.20361 714.68994 218.26318 714.91406 216.01025 713.19824 c
214.3457 711.9292 208.6792 711.36133 206.72754 711.55176 c
201.95557 712.02002 194.37793 709.60449 195.27686 722.03027 c
B
1 J 
231.25342 740.92188 m
226.85742 741.85352 220.45752 744.53125 216.4502 745.38477 c
214.79004 738.62256 217.50977 736.76123 225.66113 734.70215 c
S
202.17969 753.1709 m
206.82617 749.71631 207.60596 747.65967 206.7666 742.13281 c
206.30518 739.09766 204.75684 734.64648 210.65967 735.55664 c
212.479 735.83643 213.72461 736.02832 214.89404 745.39746 c
215.50195 750.26953 216.41357 752.84473 212.40088 756.58691 c
S
196.10742 745.09424 m
201.49316 742.65332 195.85645 738.7207 198.2041 735.41162 c
200.31299 732.43701 205.22998 734.9707 206.14746 739.05762 c
S
221.78809 757.5332 m
224.35889 754.09229 226.50439 748.40771 223.5293 744.37549 c
S
211.15039 731.27637 m
210.99219 727.87354 211.4834 722.5 201.98438 722.25879 c
S
438.8584 500.61523 m
435.7998 504.81885 437.78516 510.85938 442.35156 513.33594 c
445.19043 514.87207 449.68164 515.87988 453.80957 511.75244 c
454.74512 510.81543 466.39941 511.16357 468.98828 510.19482 c
476.02832 507.55859 476.4541 504.99805 477.3623 500.17432 c
479.12012 490.82959 475.58398 485.0249 473.38086 476.24414 c
470.94043 466.5166 464.19922 455.56543 450.47949 457.94678 c
442.97461 459.24854 439.3916 464.42432 439.44238 471.28564 c
439.47363 475.15186 442.36621 477.59717 442.80859 481.10791 c
442.86133 481.54492 440.22949 483.22266 439.62207 491.58887 c
439.4707 493.66016 440.64355 498.16064 438.8584 500.61523 c
h
B
452.05273 513.01563 m
454.19824 508.85059 456.37109 498.01367 451.72949 494.93555 c
446.92578 491.74707 442.54688 497.86279 438.83008 500.42188 c
S
0 J 
445.2373 497.51709 m
441.55762 500.28125 446.07715 503.98535 450.30859 502.84717 c
447.6709 501.91553 446.52734 499.61133 446.80078 496.48633 c
S
1 J 
454.12109 504.79297 m
458.17285 505.05469 463.66699 504.0835 468.04785 504.39355 c
B
465.53711 475.68506 m
460.36914 477.27881 453.17676 477.01221 451.8457 479.59326 c
448.8125 489.36865 458.78809 486.63037 468.51855 487.89063 c
B
469.11523 497.29932 m
462.26758 496.52637 459.56934 496.81934 453.49121 495.76758 c
446.00879 494.47461 446.33887 484.60693 455.8252 487.09082 c
B
448.20313 475.021 m
446.94238 472.46045 447.30664 463.63623 449.76758 462.21387 c
454.32715 459.57813 455.38281 459.50391 459.25 459.29785 c
B
451.98438 479.94336 m
451.48535 473.83838 463.89453 466.0249 463.2832 475.03857 c
B
1 0.53333 0 rg
1.31612 w 0 J 
217.99707 438.74463 m
225.21924 433.33203 242.77197 431.12158 249.98828 429.99902 c
260.63379 428.34619 280.09473 427.49854 290.17969 428.0415 c
308.71191 429.04443 310.75977 435.47852 329.5791 435.12744 c
336.42285 422.57129 334.20605 430.42773 324.10547 425.88037 c
295.979 413.22021 286.1582 415.11914 272.88721 415.80859 c
266.78711 416.12695 234.271 422.8291 229.62158 425.10498 c
226.11816 426.81934 219.39307 428.77148 217.54102 431.09766 c
218.18701 432.88379 218.14404 436.14941 218.22754 439.05127 c
B
267.43066 423.17578 m
268.55078 430.3877 275.66992 435.27246 283.32861 434.08203 c
290.98438 432.89014 296.28516 426.07764 295.16553 418.86426 c
294.04395 411.65039 286.92529 406.7666 279.26904 407.95703 c
271.6084 409.146 266.30908 415.96094 267.43066 423.17578 c
h
B
1 1 1 rg
1 1 1 RG
304.08447 554.62256 m
282.33301 538.6748 l
302.60254 480.11621 l
355.71289 511.80762 l
350.6543 535.35791 l
304.08447 554.62256 l
h
B
0 0.26666 0.53333 rg
310.60156 500.0083 m
320.93945 500.8916 328.28906 520.06299 334.47656 529.04785 c
340.55469 527.85547 352.63379 530.59473 342.37012 532.77686 c
338.74121 528.9082 317.46387 543.32178 313.58496 544.01807 c
299.42139 546.54834 328.75293 531.65918 328.85645 531.87988 c
328.77344 531.69971 318.59277 506.89502 314.10156 504.14648 c
304.9165 498.52832 299.09521 511.95605 300.84326 518.35547 c
301.53809 520.90723 313.08594 511.36328 305.85449 520.40479 c
294.09863 535.10059 292.60156 498.479 310.60156 500.0083 c
f
1 0.53333 0 rg
308.27734 529.86182 m
308.61426 532.02832 306.76123 534.11914 304.1416 534.5249 c
301.52344 534.93262 299.12451 533.50439 298.78809 531.33545 c
298.45166 529.16797 300.30225 527.0791 302.92285 526.67139 c
305.54102 526.26465 307.94043 527.69385 308.27734 529.86182 c
f
0.88234 0.09804 0 rg
0 0 0 RG
342.3252 559.86182 m
342.74609 566.9165 340.89355 560.52832 344.33594 570.86572 c
344.74219 572.08691 358.81543 572.77881 356.86621 562.90576 c
362.42383 562.56299 365.00293 551.78857 361.07129 554.52148 c
349.73145 562.40479 352.33398 557.68994 342.02344 559.80273 c
B
261.07031 621.50684 m
265.41895 619.46094 290.72607 620.04492 294.42383 590.69287 c
294.54785 590.33887 299.25635 588.52637 303.11475 586.63477 c
301.51904 591.98828 304.25684 601.6001 303.52002 605.63086 c
303.11572 607.85254 299.85547 605.92627 299.39502 607.77295 c
296.87256 617.92578 295.24902 622.22266 282.67188 625.10254 c
280.11768 625.68652 276.69873 625.89893 268.35352 624.28271 c
263.99316 623.43896 260.67871 622.19922 261.05566 622.06738 c
262.59619 621.52295 259.97363 623.20996 260.31055 621.88135 c
B
213.29932 602.87598 m
99.79492 556.46387 82.08447 448.3999 v
64.37256 340.33496 89.93896 321.75781 97.8584 313.65625 c
105.77588 305.55078 127.43164 309.05859 139.32715 302.91602 c
151.22168 296.77246 157.73779 291.46387 163.35889 286.29688 c
168.98193 281.12598 135.05859 399.25049 143.69336 466.6333 c
152.3291 534.01807 225.72461 590.1582 y
213.29932 602.87598 l
h
B
0.8745 0.40784 0 rg
226.55029 287.21777 m
227.41406 284.75586 231.93896 271.08301 234.17676 267.41602 c
236.88867 262.96973 241.52979 257.20313 245.69092 250.11621 c
252.08594 239.21875 251.38916 242.92383 255.25977 231.28809 c
259.89014 239.93066 268.26465 235.9707 273.89014 231.53125 c
265.95801 249.59766 270.1748 275.67773 271.00195 293.02148 c
266.98926 289.93457 264.3418 291.14258 260.50732 287.77441 c
257.9043 285.4873 257.40186 273.91699 254.29688 273.58887 c
250.69922 273.21094 244.47021 284.37793 241.9873 285.61328 c
237.05713 288.06543 231.96338 285.50488 226.24512 288.08301 c
f
392.87598 216.53418 m
400.06934 210.75977 407.58691 199.79004 411.75586 192.39551 c
414.46387 187.59668 419.11523 184.91699 420.89258 179.73047 c
422.64453 174.6084 422.52051 167.0918 422.94238 161.7832 c
427.62695 170.9375 433.19238 178.32813 442.00586 167.70117 c
441.28711 173.10938 439.15234 176.13184 439.14746 181.97852 c
439.14355 187.81055 439.78027 193.30176 438.82129 199.04297 c
437.87402 204.72754 437.16504 210.03125 436.14063 216.16309 c
435.24414 221.50977 432.78613 230.54883 430.58496 235.30078 c
426.88086 238.69531 422.59863 239.85156 418.85547 239.93066 c
417.2041 239.96582 416.05566 224.33008 414.22559 224.49707 c
407.95508 225.06738 403.04199 231.81738 399.71777 230.97852 c
392.90137 229.25391 393.84277 220.64551 386.13672 219.86719 c
f
0 0.18431 0.49803 rg
227.61621 318.83301 m
233.93262 317.6748 236.02686 312.61426 240.10596 310.26758 c
242.0625 309.1416 246.81201 308.91406 249.03662 308.89355 c
255.98486 308.83203 258.8252 311.85254 261.32959 317.25098 c
262.27588 317.59277 264.41455 318.08301 265.52197 318.20801 c
262.77197 315.08594 264.47852 311.14551 262.75293 307.79492 c
260.68848 303.78516 256.35596 287.7959 252 288.66699 c
247 289.66699 233.02783 300.29785 232.49219 310.34473 c
230.24023 310.83789 229.55273 315.38379 228.66602 316.73633 c
f
382.58203 505.43506 m
377.84668 502.45264 374.38379 498.45898 371.34082 494.00537 c
368.03418 489.15625 363.08301 485.02832 360.38184 480.61133 c
365.94531 479.66943 367.81055 469.21533 371.3623 465.10596 c
375.33301 460.51416 379.92285 454.6626 385.41992 452.4165 c
383.95508 459.66357 378.61719 465.68018 376.75 472.30908 c
374.9209 478.79736 375.7832 500.20508 381.13867 505.01465 c
f
433.00391 466.67334 m
431.28906 460.41357 440.25781 454.88135 446.12305 454.229 c
442.44922 446.88623 426.63574 445.0166 418.53027 444.40625 c
410.00098 443.76318 398.30859 442.40771 389.82227 444.39209 c
396.67285 443.80225 408.20117 448.13867 413.30859 451.6582 c
418.61621 455.31738 425.32617 465.95605 432.23438 466.14746 c
f
331.33105 343.95117 m
335.34668 335.66797 339.79102 327.70117 341.81934 318.6582 c
342.86133 314.0127 343.96484 308.22754 345.70801 303.68652 c
347.13184 299.97461 348.84863 296.45898 351.12988 293.18066 c
354.28711 288.6416 355.53418 287.16699 358.66699 282.99902 c
361.16504 279.6748 370.72559 271.77148 367.33301 274.66602 c
365.34668 276.36035 373.83496 276.96484 376.08203 269.36133 c
377.66699 263.99902 384.21387 250.16406 388.33301 249.99902 c
396.66699 249.66602 397.28125 246.08105 394 237.33301 c
393 234.66699 389.75488 234.76758 390.72754 229.8623 c
388.80469 240.87207 378.57813 244.53418 375.40918 254.65039 c
374.10449 258.81445 374.41406 255.73828 371.83008 259.05371 c
370.07031 261.30957 362.95898 267.45801 361.10059 269.74219 c
357.73145 273.87598 359.55859 271.81055 356 274.99902 c
353.99316 276.7959 352.52539 280.92969 350.33301 283.66602 c
348.13184 286.4209 347.0293 290.89844 345.33301 293.99902 c
342.79004 298.64453 342.4873 307.05176 340.80762 311.55566 c
339.03711 316.29395 337.68262 321.01953 336.85547 326.33984 c
336.12207 331.0625 332.35547 337.24316 333.05566 341.75 c
f
324.87695 479.61035 m
330.5166 473.17334 339.81836 470.24121 348.13965 470.06299 c
344.60254 468.04492 336.70605 462.66113 332.42383 465.14746 c
329.44824 466.87744 328.36621 475.47803 326.02539 478.14355 c
f
254.42529 606.53076 m
252.72314 595.09521 257.82764 581.45508 260.78271 571.96143 c
259.8999 575.99756 254.84131 579.05518 251.09521 577.56494 c
248.50635 576.53711 246.21924 571.3374 243.99023 569.51074 c
245.7417 578.88721 236.62207 584.72217 229.83154 589.87793 c
222.07373 595.7666 216.39746 605.71338 213.67188 614.03516 c
224.06885 606.09326 237.98438 590.07422 250.85693 601.28613 c
f
285.53857 496.67529 m
282.37305 496.47852 280.02637 494.43066 277.22607 493.77637 c
273.09277 492.8125 268.86426 493.66699 264.62207 493.98389 c
257.94043 494.48438 252.23096 496.94092 245.18652 497.6958 c
253.88867 479.04492 238.14648 482.31738 236.02686 474.19336 c
241.18506 474.38135 246.43945 478.58398 251.36328 480.74023 c
256.17285 482.84521 261.83496 483.68457 267.16113 484.71338 c
274.33984 486.1001 284.0293 482.9209 290.0498 486.29688 c
287.55518 490.38379 286.29492 494.48926 284.48975 498.77197 c
f
299.67725 468.0625 m
296.47803 459.4248 284.41162 449.12744 275.03564 446.58838 c
278.33008 444.12305 278.5752 439.15918 278.20313 435.40332 c
280.84521 436.26318 280.21338 438.43848 282.46191 440.42383 c
284.93945 442.61133 289.57275 442.76709 291.37695 445.32324 c
294.61035 449.90234 291.58984 457.68164 295.33984 462.29248 c
f
199.16211 702.7417 m
193.63721 693.5415 195.62256 675.79639 198.85156 666.05127 c
201.49365 658.07373 204.89209 653.55762 210.14844 647.52734 c
205.77979 647.77686 197.06445 652.76318 194.11523 655.97754 c
189.68457 660.8042 189.4917 667.12744 190.43896 673.17188 c
191.51953 680.08398 191.27246 703.10742 200.03125 703.89453 c
f